# Blender v2.73 (sub 0) OBJ File: 'Railing.blend'
# www.blender.org
mtllib Railing.mtl
o Cylinder.005
v -0.064999 0.000000 0.420000
v 5.064999 0.000000 0.420000
v -0.064999 -0.042426 0.437574
v 5.064999 -0.042426 0.437574
v -0.064999 -0.060000 0.480000
v 5.064999 -0.060000 0.480000
v -0.064999 -0.042426 0.522427
v 5.064999 -0.042426 0.522426
v -0.064999 0.000000 0.540000
v 5.064999 0.000000 0.540000
v -0.064999 0.042426 0.522427
v 5.064999 0.042426 0.522426
v -0.064999 0.060000 0.480000
v 5.064999 0.060000 0.480000
v -0.064999 0.042426 0.437574
v 5.064999 0.042426 0.437574
vn -0.000000 -0.382700 -0.923900
vn -0.000000 -0.923900 -0.382700
vn 0.000000 -0.923900 0.382700
vn 0.000000 -0.382700 0.923900
vn 0.000000 0.382700 0.923900
vn 0.000000 0.923900 0.382700
vn 1.000000 0.000000 0.000000
vn -0.000000 0.382700 -0.923900
vn -0.000000 0.923900 -0.382700
vn -1.000000 0.000000 0.000000
usemtl None
s off
f 1//1 2//1 4//1 3//1
f 3//2 4//2 6//2 5//2
f 5//3 6//3 8//3 7//3
f 7//4 8//4 10//4 9//4
f 9//5 10//5 12//5 11//5
f 11//6 12//6 14//6 13//6
f 4//7 2//7 16//7 14//7 12//7 10//7 8//7 6//7
f 15//8 16//8 2//8 1//8
f 13//9 14//9 16//9 15//9
f 1//10 3//10 5//10 7//10 9//10 11//10 13//10 15//10
o Cylinder.004
v 2.600000 0.000000 -0.000000
v 2.600000 0.000000 1.440000
v 2.570711 -0.070711 -0.000000
v 2.570711 -0.070711 1.440000
v 2.500000 -0.100000 -0.000000
v 2.500000 -0.100000 1.440000
v 2.429289 -0.070711 -0.000000
v 2.429289 -0.070711 1.440000
v 2.400000 0.000000 -0.000000
v 2.400000 0.000000 1.440000
v 2.429289 0.070711 -0.000000
v 2.429289 0.070711 1.440000
v 2.500000 0.100000 -0.000000
v 2.500000 0.100000 1.440000
v 2.570711 0.070711 -0.000000
v 2.570711 0.070711 1.440000
vn 0.923900 -0.382700 0.000000
vn 0.382700 -0.923900 0.000000
vn -0.382700 -0.923900 0.000000
vn -0.923900 -0.382700 0.000000
vn -0.923900 0.382700 0.000000
vn -0.382700 0.923900 0.000000
vn -0.000000 0.000000 1.000000
vn 0.923900 0.382700 0.000000
vn 0.382700 0.923900 0.000000
vn -0.000000 0.000000 -1.000000
usemtl None
s off
f 17//11 18//11 20//11 19//11
f 19//12 20//12 22//12 21//12
f 21//13 22//13 24//13 23//13
f 23//14 24//14 26//14 25//14
f 25//15 26//15 28//15 27//15
f 27//16 28//16 30//16 29//16
f 20//17 18//17 32//17 30//17 28//17 26//17 24//17 22//17
f 31//18 32//18 18//18 17//18
f 29//19 30//19 32//19 31//19
f 17//20 19//20 21//20 23//20 25//20 27//20 29//20 31//20
o Cylinder.003
v -0.064999 0.000000 0.900000
v 5.064999 0.000000 0.900000
v -0.064999 -0.042426 0.917574
v 5.064999 -0.042426 0.917574
v -0.064999 -0.060000 0.960000
v 5.064999 -0.060000 0.960000
v -0.064999 -0.042426 1.002427
v 5.064999 -0.042426 1.002426
v -0.064999 0.000000 1.020000
v 5.064999 0.000000 1.020000
v -0.064999 0.042426 1.002427
v 5.064999 0.042426 1.002426
v -0.064999 0.060000 0.960000
v 5.064999 0.060000 0.960000
v -0.064999 0.042426 0.917574
v 5.064999 0.042426 0.917574
vn -0.000000 -0.382700 -0.923900
vn -0.000000 -0.923900 -0.382700
vn 0.000000 -0.923900 0.382700
vn 0.000000 -0.382700 0.923900
vn 0.000000 0.382700 0.923900
vn 0.000000 0.923900 0.382700
vn 1.000000 0.000000 0.000000
vn -0.000000 0.382700 -0.923900
vn -0.000000 0.923900 -0.382700
vn -1.000000 -0.000000 0.000000
usemtl None
s off
f 33//21 34//21 36//21 35//21
f 35//22 36//22 38//22 37//22
f 37//23 38//23 40//23 39//23
f 39//24 40//24 42//24 41//24
f 41//25 42//25 44//25 43//25
f 43//26 44//26 46//26 45//26
f 36//27 34//27 48//27 46//27 44//27 42//27 40//27 38//27
f 47//28 48//28 34//28 33//28
f 45//29 46//29 48//29 47//29
f 33//30 35//30 37//30 39//30 41//30 43//30 45//30 47//30
o Cylinder.002
v -0.090000 0.000000 1.380000
v 5.090000 0.000000 1.380000
v -0.090000 -0.042426 1.397574
v 5.090000 -0.042426 1.397574
v -0.090000 -0.060000 1.440000
v 5.090000 -0.060000 1.440000
v -0.090000 -0.042426 1.482427
v 5.090000 -0.042426 1.482426
v -0.090000 0.000000 1.500000
v 5.090000 0.000000 1.500000
v -0.090000 0.042426 1.482427
v 5.090000 0.042426 1.482426
v -0.090000 0.060000 1.440000
v 5.090000 0.060000 1.440000
v -0.090000 0.042426 1.397574
v 5.090000 0.042426 1.397574
vn -0.000000 -0.382700 -0.923900
vn -0.000000 -0.923900 -0.382700
vn 0.000000 -0.923900 0.382700
vn 0.000000 -0.382700 0.923900
vn 0.000000 0.382700 0.923900
vn 0.000000 0.923900 0.382700
vn 1.000000 0.000000 0.000000
vn -0.000000 0.382700 -0.923900
vn -0.000000 0.923900 -0.382700
vn -1.000000 0.000000 0.000000
usemtl None
s off
f 49//31 50//31 52//31 51//31
f 51//32 52//32 54//32 53//32
f 53//33 54//33 56//33 55//33
f 55//34 56//34 58//34 57//34
f 57//35 58//35 60//35 59//35
f 59//36 60//36 62//36 61//36
f 52//37 50//37 64//37 62//37 60//37 58//37 56//37 54//37
f 63//38 64//38 50//38 49//38
f 61//39 62//39 64//39 63//39
f 49//40 51//40 53//40 55//40 57//40 59//40 61//40 63//40
o Cylinder.001
v 0.100000 0.000000 -0.000000
v 0.100000 0.000000 1.440000
v 0.070711 -0.070711 -0.000000
v 0.070711 -0.070711 1.440000
v 0.000000 -0.100000 -0.000000
v 0.000000 -0.100000 1.440000
v -0.070711 -0.070711 -0.000000
v -0.070711 -0.070711 1.440000
v -0.100000 0.000000 -0.000000
v -0.100000 0.000000 1.440000
v -0.070711 0.070711 -0.000000
v -0.070711 0.070711 1.440000
v 0.000000 0.100000 -0.000000
v 0.000000 0.100000 1.440000
v 0.070711 0.070711 -0.000000
v 0.070711 0.070711 1.440000
vn 0.923900 -0.382700 0.000000
vn 0.382700 -0.923900 0.000000
vn -0.382700 -0.923900 0.000000
vn -0.923900 -0.382700 0.000000
vn -0.923900 0.382700 0.000000
vn -0.382700 0.923900 0.000000
vn -0.000000 0.000000 1.000000
vn 0.923900 0.382700 0.000000
vn 0.382700 0.923900 0.000000
vn -0.000000 0.000000 -1.000000
usemtl None
s off
f 65//41 66//41 68//41 67//41
f 67//42 68//42 70//42 69//42
f 69//43 70//43 72//43 71//43
f 71//44 72//44 74//44 73//44
f 73//45 74//45 76//45 75//45
f 75//46 76//46 78//46 77//46
f 68//47 66//47 80//47 78//47 76//47 74//47 72//47 70//47
f 79//48 80//48 66//48 65//48
f 77//49 78//49 80//49 79//49
f 65//50 67//50 69//50 71//50 73//50 75//50 77//50 79//50
o Cylinder
v 5.100000 0.000000 -0.000000
v 5.100000 0.000000 1.440000
v 5.070711 -0.070711 -0.000000
v 5.070711 -0.070711 1.440000
v 5.000000 -0.100000 -0.000000
v 5.000000 -0.100000 1.440000
v 4.929289 -0.070711 -0.000000
v 4.929289 -0.070711 1.440000
v 4.900000 0.000000 -0.000000
v 4.900000 0.000000 1.440000
v 4.929289 0.070711 -0.000000
v 4.929289 0.070711 1.440000
v 5.000000 0.100000 -0.000000
v 5.000000 0.100000 1.440000
v 5.070711 0.070711 -0.000000
v 5.070711 0.070711 1.440000
vn 0.923900 -0.382700 0.000000
vn 0.382700 -0.923900 0.000000
vn -0.382700 -0.923900 0.000000
vn -0.923900 -0.382700 0.000000
vn -0.923900 0.382700 0.000000
vn -0.382700 0.923900 0.000000
vn -0.000000 0.000000 1.000000
vn 0.923900 0.382700 0.000000
vn 0.382700 0.923900 0.000000
vn -0.000000 0.000000 -1.000000
usemtl None
s off
f 81//51 82//51 84//51 83//51
f 83//52 84//52 86//52 85//52
f 85//53 86//53 88//53 87//53
f 87//54 88//54 90//54 89//54
f 89//55 90//55 92//55 91//55
f 91//56 92//56 94//56 93//56
f 84//57 82//57 96//57 94//57 92//57 90//57 88//57 86//57
f 95//58 96//58 82//58 81//58
f 93//59 94//59 96//59 95//59
f 81//60 83//60 85//60 87//60 89//60 91//60 93//60 95//60
