# Blender v2.73 (sub 0) OBJ File: 'Sponson.blend'
# www.blender.org
mtllib Sponson.mtl
o Cylinder.003_Cylinder.007
v 4.700000 2.260846 4.470027
v 4.787868 2.428009 4.600629
v 5.000000 2.497250 4.654725
v 5.212132 2.428009 4.600629
v 5.300000 2.260846 4.470027
v 5.212132 2.093684 4.339426
v 5.000000 5.102751 0.345275
v 5.000000 2.024443 4.285328
v 4.787868 2.093684 4.339426
v 4.787868 5.102739 0.488011
v 4.787868 5.102684 1.177201
v 5.000000 5.102672 1.319937
v 5.212132 5.102684 1.177201
v 4.700000 5.102712 0.832606
v 5.300000 5.102712 0.832606
v 5.212132 5.102739 0.488011
vn -0.923900 0.301600 0.235600
vn -0.382700 0.728000 0.568800
vn 0.000000 -0.615700 0.788000
vn -0.923900 -0.301600 -0.235600
vn -0.382700 -0.728000 -0.568800
vn 0.382700 -0.728000 -0.568800
vn 0.382700 0.728000 0.568800
vn 0.923900 0.301600 0.235600
vn 0.923900 -0.301600 -0.235600
vn 0.000000 1.000000 0.000100
usemtl None
s off
f 14//1 1//1 2//1 11//1
f 11//2 2//2 3//2 12//2
f 2//3 1//3 9//3 8//3 6//3 5//3 4//3 3//3
f 10//4 9//4 1//4 14//4
f 7//5 8//5 9//5 10//5
f 16//6 6//6 8//6 7//6
f 12//7 3//7 4//7 13//7
f 13//8 4//8 5//8 15//8
f 15//9 5//9 6//9 16//9
f 16//10 7//10 10//10 14//10 11//10 12//10 13//10 15//10
o Cylinder.002_Cylinder.006
v 1.000000 4.000000 3.700000
v 1.000000 4.000000 5.500000
v 1.000000 5.000000 3.700000
v 1.000000 5.000000 5.500000
v 5.000000 8.000000 3.700000
v 9.000000 5.000000 3.700000
v 9.000000 5.000000 5.500000
v 9.000000 4.000001 3.700000
v 9.000000 4.000001 5.500000
v 8.464102 2.000001 3.700000
v 8.464102 2.000001 5.500000
v 7.000001 0.535899 3.700000
v 7.000001 0.535899 5.500000
v 5.000002 0.000000 3.700000
v 5.000002 0.000000 5.500000
v 3.000002 0.535897 3.700000
v 3.000002 0.535897 5.500000
v 1.535900 1.999997 3.700000
v 1.535900 1.999997 5.500000
v 1.198285 4.026099 3.700000
v 1.198285 4.026099 5.500000
v 1.200000 5.000000 3.700000
v 1.200000 5.000000 5.500000
v 5.000000 7.858583 3.731819
v 8.800000 5.000000 3.700000
v 8.800000 5.000000 5.500000
v 8.801715 4.026100 3.700000
v 8.801715 4.026100 5.500000
v 8.290897 2.099998 3.700000
v 8.290897 2.099998 5.500000
v 6.900004 0.709104 3.700000
v 6.900004 0.709104 5.500000
v 5.000002 0.199994 3.700000
v 5.000002 0.199994 5.500000
v 3.099999 0.709102 3.700000
v 3.099999 0.709102 5.500000
v 1.709105 2.099994 3.700000
v 1.709105 2.099994 5.500000
vn -1.000000 0.000000 0.000000
vn 1.000000 0.000000 0.000000
vn 0.965900 -0.258800 0.000000
vn 0.707100 -0.707100 0.000000
vn 0.258800 -0.965900 0.000000
vn -0.258800 -0.965900 0.000000
vn -0.965900 -0.258800 0.000000
vn -0.707100 -0.707100 0.000000
vn 1.000000 -0.001800 0.000000
vn -1.000000 -0.001800 0.000000
vn -0.966600 0.256300 0.000000
vn -0.707100 0.707100 0.000000
vn -0.258800 0.965900 0.000000
vn 0.258800 0.965900 0.000000
vn 0.966600 0.256300 0.000000
vn 0.707100 0.707100 0.000000
vn 0.000000 0.000000 -1.000000
vn -0.000000 0.000000 1.000000
vn 0.000000 1.000000 0.000000
usemtl None
s off
f 17//11 18//11 20//11 19//11
f 22//12 23//12 25//12 24//12
f 24//13 25//13 27//13 26//13
f 26//14 27//14 29//14 28//14
f 28//15 29//15 31//15 30//15
f 30//16 31//16 33//16 32//16
f 34//17 35//17 18//17 17//17
f 32//18 33//18 35//18 34//18
f 38//19 39//19 37//19 36//19
f 43//20 44//20 42//20 41//20
f 45//21 46//21 44//21 43//21
f 47//22 48//22 46//22 45//22
f 49//23 50//23 48//23 47//23
f 51//24 52//24 50//24 49//24
f 36//25 37//25 54//25 53//25
f 53//26 54//26 52//26 51//26
f 17//27 19//27 38//27 36//27
f 20//28 18//28 37//28 39//28
f 19//29 20//29 39//29 38//29
f 23//29 22//29 41//29 42//29
f 22//27 24//27 43//27 41//27
f 25//28 23//28 42//28 44//28
f 24//27 26//27 45//27 43//27
f 27//28 25//28 44//28 46//28
f 26//27 28//27 47//27 45//27
f 29//28 27//28 46//28 48//28
f 28//27 30//27 49//27 47//27
f 31//28 29//28 48//28 50//28
f 30//27 32//27 51//27 49//27
f 33//28 31//28 50//28 52//28
f 32//27 34//27 53//27 51//27
f 35//28 33//28 52//28 54//28
f 34//27 17//27 36//27 53//27
f 18//28 35//28 54//28 37//28
o Cylinder.001_Cylinder.005
v 1.100000 4.000000 3.900000
v 1.100000 4.000000 5.000000
v 1.100000 4.974999 3.900000
v 1.100000 4.974999 5.000000
v 8.900000 4.975000 3.900000
v 8.900000 4.975000 5.000000
v 8.900000 4.000001 3.900000
v 8.900000 4.000001 5.000000
v 8.377500 2.050001 3.900000
v 8.377501 2.050000 5.000000
v 6.950002 0.622502 3.900000
v 6.950002 0.622502 5.000000
v 5.000002 0.100000 3.900000
v 5.000002 0.100000 5.000000
v 3.050002 0.622499 3.900000
v 3.050002 0.622499 5.000000
v 1.622502 2.049997 3.900000
v 1.622502 2.049997 5.000000
vn -1.000000 0.000000 0.000000
vn 1.000000 0.000000 0.000000
vn 0.965900 -0.258800 -0.000000
vn 0.707100 -0.707100 -0.000000
vn 0.258800 -0.965900 0.000000
vn -0.258800 -0.965900 0.000000
vn 0.000000 0.000000 1.000000
vn -0.965900 -0.258800 0.000000
vn -0.707100 -0.707100 0.000000
vn 0.000000 0.000000 -1.000000
vn -0.000000 1.000000 0.000000
usemtl None
s off
f 55//30 56//30 58//30 57//30
f 59//31 60//31 62//31 61//31
f 61//32 62//32 64//32 63//32
f 63//33 64//33 66//33 65//33
f 65//34 66//34 68//34 67//34
f 67//35 68//35 70//35 69//35
f 58//36 56//36 72//36 70//36 68//36 66//36 64//36 62//36 60//36
f 71//37 72//37 56//37 55//37
f 69//38 70//38 72//38 71//38
f 55//39 57//39 59//39 61//39 63//39 65//39 67//39 69//39 71//39
f 57//40 58//40 60//40 59//40
o Cube.004
v 4.925000 3.146918 3.309384
v 5.075000 3.146918 3.309384
v 5.075000 0.146918 3.909384
v 4.925000 0.146918 3.909384
v 4.925000 3.146918 3.909384
v 5.075000 3.146918 3.909384
vn -1.000000 -0.000000 0.000000
vn 0.000000 1.000000 0.000000
vn 0.000000 0.000000 1.000000
vn 1.000000 0.000000 0.000000
vn 0.000000 -0.196100 -0.980600
usemtl None
s off
f 76//41 77//41 73//41
f 77//42 78//42 74//42 73//42
f 78//43 77//43 76//43 75//43
f 78//44 75//44 74//44
f 76//45 73//45 74//45 75//45
o Cube.000
v 4.919600 2.953776 3.309384
v 5.034507 3.050195 3.309384
v 6.962871 0.752062 3.909384
v 6.847964 0.655644 3.909384
v 4.919600 2.953776 3.909384
v 5.034507 3.050195 3.909384
vn -0.766000 -0.642800 0.000000
vn -0.642800 0.766000 0.000000
vn 0.000000 0.000000 1.000000
vn 0.766000 0.642800 0.000000
vn 0.126100 -0.150200 -0.980600
usemtl None
s off
f 82//46 83//46 79//46
f 83//47 84//47 80//47 79//47
f 84//48 83//48 82//48 81//48
f 84//49 81//49 80//49
f 82//50 79//50 80//50 81//50
o Cube.001
v 4.982670 2.943677 3.309384
v 5.021493 3.088566 3.309384
v 8.402234 2.182703 3.909384
v 8.363411 2.037814 3.909384
v 4.982670 2.943677 3.909384
v 5.021493 3.088566 3.909384
vn -0.258800 -0.965900 0.000000
vn -0.965900 0.258800 0.000000
vn 0.000000 0.000000 1.000000
vn 0.258800 0.965900 0.000000
vn 0.163200 -0.043700 -0.985600
usemtl None
s off
f 88//51 89//51 85//51
f 89//52 90//52 86//52 85//52
f 90//53 89//53 88//53 87//53
f 90//54 87//54 86//54
f 88//55 85//55 86//55 87//55
o Cube.002
v 4.997464 3.047482 3.309384
v 4.963721 3.193637 3.309384
v 8.861202 4.093440 3.909384
v 8.894945 3.947285 3.909384
v 4.997464 3.047482 3.909384
v 4.963721 3.193637 3.909384
vn 0.225000 -0.974400 0.000000
vn -0.974400 -0.225000 0.000000
vn -0.000000 0.000000 1.000000
vn -0.225000 0.974400 0.000000
vn 0.144500 0.033400 -0.988900
usemtl None
s off
f 94//56 95//56 91//56
f 95//57 96//57 92//57 91//57
f 96//58 95//58 94//58 93//58
f 96//59 93//59 92//59
f 94//60 91//60 92//60 93//60
o Cube.003
v 4.965493 3.050195 3.309384
v 5.080400 2.953777 3.309384
v 3.152037 0.655643 3.909384
v 3.037130 0.752061 3.909384
v 4.965493 3.050195 3.909384
v 5.080400 2.953777 3.909384
vn -0.766000 0.642800 0.000000
vn 0.642800 0.766000 0.000000
vn -0.000000 0.000000 1.000000
vn 0.766000 -0.642800 0.000000
vn -0.126100 -0.150200 -0.980600
usemtl None
s off
f 100//61 101//61 97//61
f 101//62 102//62 98//62 97//62
f 102//63 101//63 100//63 99//63
f 102//64 99//64 98//64
f 100//65 97//65 98//65 99//65
o Cube.005
v 4.978505 3.088567 3.309384
v 5.017328 2.943678 3.309384
v 1.636587 2.037812 3.909384
v 1.597764 2.182701 3.909384
v 4.978505 3.088567 3.909384
v 5.017328 2.943678 3.909384
vn -0.258800 0.965900 0.000000
vn 0.965900 0.258800 0.000000
vn 0.000000 0.000000 1.000000
vn 0.258800 -0.965900 0.000000
vn -0.163200 -0.043700 -0.985600
usemtl None
s off
f 106//66 107//66 103//66
f 107//67 108//67 104//67 103//67
f 108//68 107//68 106//68 105//68
f 108//69 105//69 104//69
f 106//70 103//70 104//70 105//70
o Cube.006
v 5.036276 3.193637 3.309384
v 5.002533 3.047481 3.309384
v 1.105053 3.947286 3.909384
v 1.138796 4.093441 3.909384
v 5.036276 3.193637 3.909384
v 5.002533 3.047481 3.909384
vn 0.225000 0.974400 0.000000
vn 0.974400 -0.225000 0.000000
vn 0.000000 0.000000 1.000000
vn -0.225000 -0.974400 0.000000
vn -0.144500 0.033400 -0.988900
usemtl None
s off
f 112//71 113//71 109//71
f 113//72 114//72 110//72 109//72
f 114//73 113//73 112//73 111//73
f 114//74 111//74 110//74
f 112//75 109//75 110//75 111//75
